'P1','T4','Lionel Messi',31,'CF','Argentina',170,72,95,89,92,86,97,91,95,95,97,97,92,95,96,85,95,86,75,89,95,77,95,91,87,94,33,22,72,34,28,26,62,69,73,59,48

'P2','T4','Luis Suarez',31,'ST','Uruguay',182,86,92,81,87,75,88,82,83,94,91,85,91,93,95,86,85,88,85,80,85,77,85,83,64,87,53,41,78,63,45,38,86,69,91,83,88

'P3','T16','Sergio Ramos Garcia',32,'CB','Spain',184,82,92,76,77,76,73,79,66,86,85,81,64,52,60,80,55,67,69,72,63,66,67,79,73,74,92,90,92,89,93,92,85,94,85,83,85

'P4','T16','Luka Modric',33,'CM','Croatia',172,66,92,77,81,72,92,94,95,90,94,84,77,80,72,80,83,77,83,91,93,86,78,94,88,85,71,84,55,60,77,74,68,69,90,58,62

'P5','T16','Thibaut Courtois',26,'GK','Belgium',199,96,91,0,47,53,0,61,45,84,23,66,0,13,14,36,17,12,27,0,44,14,20,33,35,19,0,15,13,20,18,16,0,68,38,70,23


P6,T16,Toni,Kroos,28,CM,Germany,183,76,91,68,69,66,83,70,71,90,91,86,83,79,76,88,93,83,73,90,86,88,84,93,94,86,75,82,54,68,83,69,70,30,76,74,60
P7,T3,Diego,Godin,32,CB,Uruguay,187,78,91,69,69,69,65,58,54,86,77,83,49,49,42,68,43,47,51,66,52,55,51,80,71,49,90,88,93,91,90,90,85,92,66,91,89
P8,T3,Jan,Oblak,25,GK,Slovenia,188,87,91,0,44,61,0,67,49,86,16,70,0,11,11,22,12,13,11,0,70,13,14,29,26,13,0,19,15,27,12,18,0,76,41,78,34
P9,T4,Marc,AndrE,ter,Stegen,26,GK,Germany,187,85,90,0,39,51,0,37,43,85,18,69,0,11,14,22,10,14,25,0,69,15,12,30,38,18,0,22,11,25,13,10,0,79,35,79,43